1     0.0    40
0     0.0   0.0
        0     0
1      40
0     1.5
        0
1      40
0     1.5
        0
2 0.0 2.0 4.0 6.0 8.0 10.0 12.0 14.0 16.0 18.0 20.0 22.0 24.0 26.0 28.0 30.0 32.0 34.0 36.0 38.0 40.0 
0 2.97 2.37 2.73 2.46 2.90 3.03 2.40 2.31 2.26 2.64 3.33 2.39 2.42 2.47 2.55 3.05 2.45 2.24 2.55 2.39 2.03 
  0 0 0 0 0 0 0 0 0 0 0 0 0 0 0 0 0 0 0 0 0 
2     40
0     3.0
        0
2     40
0     5.5
        0
3     0.0    40
0     3.0   3.0
        0     0
3     40
0     5.5
        0
3     40
0     6.5
        0
4     0.0    40
0     3.5    3.5
        0      0
4     40
0     6.5
        0
4     40
0     7.0
        0
5     0.0  40
0     9.0  9.0
        0    0
5     40
0     7.0
        0
5     40
0     7.0
        0
6     0       40
0     15.0  15.0
